125
5898 268
6111 49
7157 236
130 69
4479 287
2422 351
6543 122
5026 350
9950 152
4039 340
73 191
6597 304
1271 250
4101 62
1869 261
9100 315
8436 116
7926 291
321 254
4235 168
5998 178
2577 352
9281 10
2004 96
6808 96
3115 131
1336 95
8946 243
9398 19
3341 61
9010 23
3087 154
2003 303
8305 304
610 354
9815 109
7476 270
5271 182
1907 131
4381 251
1891 216
5041 202
3727 137
2752 352
9432 346
9731 230
193 43
2853 2
8869 171
3736 118
8511 274
1390 8
9988 118
7923 105
904 149
9476 273
6274 293
240 356
1753 308
8377 125
584 120
7188 2
9130 355
8453 224
8134 277
6591 236
6831 23
9863 354
7942 204
8976 322
5203 224
5102 63
4780 142
354 181
6408 356
718 325
8805 238
4857 13
4712 233
2971 280
4258 29
6642 303
1483 108
5381 105
6260 93
1320 69
7306 142
643 84
1791 33
5154 76
5375 233
1167 216
9849 146
6425 302
6948 278
9453 57
4359 79
7268 312
5513 11
34 21
5601 41
5921 319
7555 140
7890 243
6226 235
8776 83
9257 117
5007 6
8289 145
9168 322
53 359
231 124
768 81
7503 278
3329 211
4388 235
1380 190
3040 295
7411 172
6399 220
1647 354
8603 320
8495 191
6150 132
4665 217
