358
1735 146
1086 310
5155 316
1352 256
2371 219
8719 181
9236 186
3817 135
5120 114
7661 285
8186 211
3184 37
7213 309
3969 185
7113 162
1190 328
7280 241
9957 33
3097 155
8809 180
6948 334
5807 234
3778 317
1350 329
6895 78
3231 68
8034 51
4368 74
3599 180
4265 50
9104 225
4974 304
9305 341
3135 47
9602 295
834 322
8531 212
2540 217
6393 273
866 233
167 293
4617 194
5602 114
2941 12
5349 138
6914 237
7877 237
2973 264
6492 340
7029 246
1372 89
7402 25
8494 275
6448 11
2086 171
905 357
3341 357
6813 127
3341 322
2384 94
6502 359
889 108
5983 230
3333 166
3759 176
8726 209
4597 113
2736 72
3884 36
998 46
5354 230
3345 290
573 259
1318 130
3688 358
4736 208
6830 291
6926 346
8245 357
1969 345
2870 325
6123 337
8847 32
8610 12
1259 151
4928 276
2001 45
2989 253
3099 165
4800 89
786 323
5875 196
5228 244
2566 228
311 54
5273 103
198 200
1517 167
2409 7
3500 31
1332 326
5295 177
1018 5
3951 124
6607 335
2804 280
4200 32
2906 91
2201 24
5823 2
8948 190
5856 145
7791 227
6282 136
5757 67
7103 288
271 320
3170 325
6479 117
3446 356
8287 86
725 293
2798 125
1760 35
1944 268
5999 319
7954 304
2003 126
9732 294
728 324
8874 55
3255 70
1986 33
1350 38
2758 189
1265 345
7707 34
7152 345
6705 333
9247 341
3658 126
7823 79
8610 44
3230 101
4867 302
8475 50
7464 241
6546 333
4340 239
4983 252
9642 238
9817 30
6401 210
3248 232
5300 141
5372 133
4695 78
756 9
8813 86
2860 85
3447 308
8740 142
4926 189
3400 118
7128 163
8778 194
4924 100
9361 82
10 303
8271 335
2999 267
7674 36
4055 37
6612 203
4011 201
1862 51
7567 50
5894 338
4910 308
337 122
8594 256
1087 346
8310 112
284 5
7227 335
92 151
1940 130
9263 355
9178 166
3137 96
7192 269
8237 183
3997 194
3515 218
7787 303
2667 190
8345 328
9843 21
3400 140
4585 227
2631 152
4673 155
4834 64
2482 149
5334 198
7907 145
8997 322
5251 246
9131 255
9579 264
8774 103
5400 242
1702 213
879 334
2321 25
8124 72
6189 290
8921 181
6012 303
9842 214
3482 89
3989 45
3069 14
3568 352
3509 60
567 240
3961 162
9149 70
9212 248
2815 226
1433 344
8072 342
2381 91
9736 253
6997 171
8698 354
4019 108
8993 136
9938 292
1944 159
2926 246
2162 111
1804 118
3742 142
4235 23
6985 146
4553 276
5459 148
6898 156
9325 126
7921 240
7507 148
1178 32
1599 75
9718 50
4497 296
5462 189
720 289
8196 33
4331 79
9938 306
6454 322
7876 64
3694 255
3142 62
9747 245
946 100
547 91
5798 42
5066 29
9251 101
4795 31
1372 200
2141 256
2905 169
5283 284
3162 100
7424 200
2952 332
3675 100
8762 41
2980 270
2078 160
8170 38
5087 64
9764 327
4094 171
78 265
2429 85
5386 165
4517 354
847 61
2469 37
2726 108
493 77
1547 279
6748 36
8263 348
2534 337
7273 50
4154 295
6917 124
6997 357
7356 46
8317 170
6462 205
4777 346
667 153
7741 222
3961 110
2978 315
2136 160
6096 185
7669 119
7392 32
4519 136
4064 181
2783 78
2016 23
7027 256
1249 77
1070 279
292 259
3099 348
5188 165
143 152
8732 20
8911 63
7337 194
4301 84
3262 69
3774 354
7776 249
9864 310
571 299
2772 1
7072 204
7239 228
7617 1
8044 17
6267 58
5689 9
7156 143
4718 42
3684 101
9626 235
3844 37
8077 218
1351 38
4773 61
4666 305
5394 249
6659 179
9278 28
6045 274
1942 192
8755 251
3351 195
