473
4698 267
7458 70
1699 96
7687 169
2804 62
104 176
316 75
5583 264
5388 158
6871 280
1266 232
2143 361
6837 140
5863 129
8463 148
8348 239
2029 163
888 166
734 259
6203 132
2851 356
2022 85
506 213
6042 348
7229 284
9232 99
8546 87
7236 54
574 213
6917 275
642 125
1120 92
6041 174
7268 304
1016 146
3687 176
8788 136
5224 142
4315 337
9453 113
5950 61
878 29
1720 311
3710 260
4827 288
5126 114
4791 28
1461 334
351 5
4538 126
4102 361
7893 248
5031 55
1957 357
5164 35
7891 328
8308 344
6054 351
7829 281
126 82
3519 24
4551 319
4170 220
4705 22
1167 351
8084 359
6352 277
8302 261
7133 346
9827 8
5246 116
9792 41
2685 135
7875 247
4183 51
2975 262
6144 34
6096 230
3932 353
3345 184
6494 54
7102 257
2550 315
5522 115
4078 12
3071 34
8283 109
1078 217
1299 65
2096 279
8328 319
3451 150
5492 227
5325 184
2421 177
5823 128
545 92
5179 277
1885 325
391 68
7778 80
8394 247
5832 172
5219 23
9376 217
8669 169
4759 192
71 274
8352 243
2678 107
4940 243
1410 28
592 202
4117 304
6619 329
8941 50
5822 85
220 344
6567 191
3111 69
6013 2
3418 355
2912 237
303 61
2951 96
9942 244
1387 207
7286 327
9070 296
9376 18
9284 254
5845 283
8588 212
2835 245
573 46
8538 100
6185 321
5409 253
2943 103
8355 266
6075 209
3175 179
9096 76
1129 18
3329 342
490 62
7512 326
4908 110
7916 153
1549 264
3435 75
9070 327
7414 109
9314 281
1659 279
6777 348
9889 137
1907 201
1204 317
4852 9
9999 140
5417 338
5668 325
2935 348
561 12
901 118
43 185
7318 195
7059 250
8638 181
8174 304
6197 195
4083 336
5533 40
252 295
3215 269
2110 310
8851 167
2665 197
3340 171
7852 273
2415 6
3040 241
5902 216
9274 55
4347 353
3650 350
2855 69
9613 85
5840 219
3926 241
7031 47
2920 300
7156 118
8237 271
2492 177
7494 103
6747 86
2489 39
6704 150
9372 0
5596 170
6668 17
7875 326
9901 251
6015 249
9684 235
3724 119
276 79
3296 185
7744 63
5700 86
2530 45
7400 276
7640 97
1959 228
4801 202
5160 197
7863 117
6705 148
6818 82
4602 4
154 230
6628 235
5644 73
4527 29
8761 0
1078 144
3528 109
3896 72
9339 25
7915 173
3241 320
1942 218
2273 297
7771 189
7411 71
7503 84
2821 184
8189 266
5151 41
8507 273
3184 140
5646 251
3392 54
327 343
9443 319
1424 121
2909 312
6092 346
4659 184
8349 300
9643 193
32 182
4545 344
661 273
2176 268
7735 166
411 57
5904 156
7386 215
9382 157
3514 87
4821 173
7387 118
337 98
4002 230
5778 9
112 57
1915 149
934 234
1168 334
6637 99
8835 337
2406 183
5796 14
3209 10
7936 71
4203 229
3072 296
2073 83
4183 301
3537 149
3113 301
8681 344
7639 250
5439 315
9692 335
5410 195
3109 47
2457 199
9478 149
6706 188
5121 68
9977 241
7206 206
3447 167
3667 63
421 84
7995 19
6101 251
861 297
1772 28
4079 119
6773 97
6614 231
6977 267
2730 285
1037 137
9000 236
7497 125
5873 54
4264 290
3102 255
319 139
3731 47
1268 266
8106 145
1030 42
2036 84
6649 195
376 356
3329 55
4490 110
4047 135
8665 2
2285 281
7886 88
4143 272
2555 288
1912 254
2557 117
6851 173
1777 46
602 60
6466 269
7411 269
4753 45
2386 242
8271 30
538 56
3308 184
8640 61
6886 125
3504 297
3996 163
8031 125
6545 8
285 41
7902 234
5158 201
328 33
3403 127
3285 333
8402 8
7513 142
2868 360
1158 317
5939 281
1358 291
1520 144
9089 237
9521 341
2800 263
171 349
2521 89
5894 29
8428 146
9494 337
6035 179
6959 277
3226 88
5883 330
5319 297
9467 283
3689 174
730 39
2951 262
9366 251
8607 112
4276 44
5348 249
9409 183
6593 329
1618 176
9315 270
4683 302
4159 302
7389 171
8481 4
5601 115
9685 34
9683 11
1752 333
9721 328
6288 228
2023 345
2910 37
1605 355
688 16
5997 21
5 57
1238 50
7552 10
7550 307
7403 98
496 222
1751 30
6930 140
4006 174
6310 171
6704 272
8704 143
3677 30
6829 141
5391 169
7491 275
6957 311
753 322
8090 2
971 248
3691 292
9669 214
6955 126
5154 14
2809 239
5038 207
4932 200
2234 231
434 149
9287 90
6944 173
9494 102
9748 78
5745 264
6968 6
7657 224
6318 142
5609 209
5806 188
9886 31
1884 75
2638 205
1957 28
812 227
345 178
9988 236
7709 292
6383 290
4039 38
360 96
1966 351
4627 77
3475 158
6185 175
2869 160
903 137
9883 217
5112 43
5530 228
4946 287
1105 336
195 196
2108 165
763 146
913 216
1255 112
4426 4
1663 43
7105 145
7700 360
6153 269
7913 177
