790
5015 152
2762 249
6638 217
7356 224
4638 181
5249 162
2272 204
6515 129
7345 260
6375 136
5920 230
9525 64
9649 298
5348 11
1638 338
2305 180
49 22
2313 225
7550 345
9632 56
3920 36
8643 219
7583 130
4100 210
5497 3
4875 295
4059 281
6346 53
2209 311
2665 228
4868 108
5017 10
1304 138
5908 42
6567 339
3530 223
3255 101
72 92
2414 255
522 198
388 201
4521 103
9753 291
9566 269
4566 31
7835 337
1538 30
8690 166
4471 105
8306 154
6862 216
9309 34
7344 137
4120 207
6555 334
7567 63
2976 16
7081 347
2869 269
5411 168
4253 357
2088 227
1194 255
8204 67
3356 353
6510 296
8091 79
453 294
7461 47
4264 357
2436 157
2360 246
2498 17
580 189
8830 206
7674 44
6675 245
3455 225
5892 230
7688 3
7433 325
2631 34
8581 311
469 130
4439 347
7210 54
216 60
2156 173
2115 282
8207 13
3934 172
2393 321
1384 110
2959 63
6362 170
9533 168
2900 246
1534 312
2536 53
5426 302
265 43
2310 206
5168 227
6732 251
602 162
211 294
876 357
2961 258
3328 280
6568 5
1172 272
7453 307
5927 206
6787 259
929 98
7874 239
7808 192
5514 220
4252 91
431 146
8581 328
4268 350
7457 224
2173 173
2617 21
6905 349
6045 103
9430 153
3641 164
6328 207
4727 6
9199 155
266 78
7715 268
3585 124
3541 119
1063 185
8874 116
7064 116
6618 149
1287 74
2077 57
1887 151
7194 273
8741 338
7549 342
5675 220
2422 85
1924 332
6727 98
1845 286
8596 327
1350 225
2797 110
1786 163
7154 13
281 259
9779 198
7627 152
2116 96
4656 245
4232 296
4879 117
3751 299
3160 173
9257 150
9945 143
8769 130
439 54
7293 314
5695 342
8420 233
8331 213
4676 205
355 190
779 285
3636 130
9930 87
3939 225
8951 113
745 200
2482 286
6719 47
2218 326
4416 196
3036 334
2945 251
9107 344
1353 10
833 84
1688 8
2129 95
3789 358
7747 261
7483 335
4643 276
5619 344
2537 91
4729 269
5211 201
9252 252
7454 34
8634 332
2054 94
1857 103
1318 199
6543 57
864 313
2421 89
6965 271
5774 234
5872 279
8631 332
403 100
2365 323
6935 198
4579 222
6504 214
8907 177
3892 210
4285 176
5922 144
7599 50
6716 20
8520 8
9680 56
2572 238
4238 43
6122 291
3833 210
6901 233
9119 294
4391 94
8543 290
6686 212
9064 72
7760 180
6335 143
5366 8
3991 94
2472 315
8268 299
8045 26
164 269
8431 286
577 148
7841 237
3373 329
4342 75
3801 174
8315 224
4633 131
4080 0
4451 295
8510 211
653 276
52 247
3649 200
4940 313
947 180
8117 1
2143 99
5078 159
5964 356
2382 59
5732 200
959 229
4245 287
9946 80
4600 346
846 147
929 113
1820 262
1679 272
1107 325
83 185
8162 113
4665 104
2203 300
1300 100
9445 337
344 37
4136 244
8668 268
1019 130
8828 264
349 325
3532 346
2373 68
8601 193
7626 266
6019 148
8182 295
9589 73
7117 52
2686 188
1404 250
3725 145
8019 361
1119 69
3030 163
3853 13
7124 119
3843 162
9184 342
9311 215
2295 136
8163 333
5768 165
9651 248
6624 100
8189 313
5735 249
9479 183
3657 203
1912 160
9388 10
863 138
3293 332
9143 198
8690 341
9930 167
5448 56
9182 265
3062 9
3314 305
5045 250
5101 291
5843 43
5829 301
4956 230
7223 206
6258 47
694 352
5166 81
7381 93
7260 174
6538 151
195 319
6573 84
1868 230
9573 162
4499 79
9549 209
5950 283
8560 224
4265 304
420 267
3048 76
3252 205
1283 115
1350 107
2845 236
4142 285
5412 192
9553 293
8479 59
2740 73
799 175
1191 4
4946 116
4117 77
938 341
7555 170
9760 155
2276 93
1010 165
599 169
7755 347
2833 199
6534 227
3667 59
7268 19
1590 358
6177 18
5721 14
8232 245
3457 31
9579 319
7818 296
1778 333
3394 46
8691 258
7602 246
7851 26
17 61
5792 285
306 135
1560 163
8524 125
9053 268
5744 314
6031 3
4871 92
2666 17
7582 125
6684 324
2440 15
6936 152
5953 182
5625 91
7339 228
6070 308
3249 220
2656 21
8762 195
4989 116
7999 19
1277 198
3850 292
6920 49
4754 62
5341 267
9385 136
3148 264
4851 115
4261 22
9940 145
3429 233
670 137
358 185
9367 46
8140 78
5103 77
4035 129
4068 212
4065 177
3138 214
4237 303
1892 359
9070 277
8523 361
6493 226
4268 167
7498 92
4727 299
5461 225
5541 105
2117 350
7022 348
8496 145
8676 136
8260 232
5083 314
5076 219
9594 245
877 272
4280 146
6831 151
9567 111
7815 233
8715 285
9271 331
9536 142
8167 46
7035 325
5747 63
7221 236
3682 53
7676 49
3284 122
1249 95
192 276
3193 295
2950 168
4700 127
4671 243
7355 12
2736 187
4546 36
6931 303
1307 149
6816 23
4665 10
1778 311
8789 129
8492 191
3815 126
9123 315
3374 29
9449 354
2034 23
8724 8
819 278
1134 130
5 295
8249 61
4553 123
8492 78
6458 245
1576 255
6991 171
6426 130
516 224
9462 185
8107 321
4303 288
658 32
968 48
4839 288
4599 223
1004 167
3263 14
2401 174
9159 327
7654 55
914 153
589 22
9901 237
3883 51
7419 306
8524 148
7688 8
6296 351
5127 326
5539 97
510 60
6545 164
411 295
8644 123
5154 316
1030 176
4783 82
4354 66
4108 228
7543 297
4667 240
5648 162
1936 41
9767 181
9388 236
849 19
8553 193
2775 266
6835 157
8026 312
1532 344
549 309
5316 57
5908 30
1007 210
9111 325
5256 331
7788 292
8627 335
1973 343
6158 254
346 38
3044 117
588 5
2868 53
3582 255
8012 134
223 260
8266 157
7590 196
9590 342
569 54
7307 182
7190 173
1928 147
5971 76
6332 301
7460 66
1833 151
6173 195
9763 348
5064 236
3880 275
65 72
1227 87
8049 275
6713 107
5236 174
9050 122
652 311
7149 81
9501 308
8415 67
5475 251
2000 97
1477 85
5554 71
3519 215
4954 43
4260 115
8038 0
2695 312
3553 139
2701 95
3160 228
8614 61
934 22
5120 28
8153 239
6838 149
8098 302
398 354
7781 152
208 199
6405 0
1138 87
5494 336
9000 188
4746 128
7048 324
3331 304
3841 23
4910 219
3703 305
694 141
8869 258
8998 160
7174 355
2829 352
1307 78
3204 296
1650 151
5086 48
2972 276
575 274
8293 100
4882 57
6375 90
5476 28
9212 271
7467 110
8736 150
9332 92
9957 228
4643 18
4694 46
8489 71
2239 345
9891 138
5752 105
8690 212
5893 73
1530 10
7225 261
9722 150
2249 98
3491 236
8880 99
4723 322
7873 81
9368 250
3455 196
6825 24
3878 301
7936 79
6643 104
1623 316
4148 61
6125 283
6903 99
6223 18
6636 49
9921 64
7900 268
6113 338
425 136
5040 353
4466 300
7421 282
6287 136
1294 167
3303 107
5221 341
1352 297
6388 102
6149 319
4692 253
476 196
8585 22
5096 70
5569 165
9200 14
3584 183
8879 105
4173 354
2766 30
4885 93
1792 204
1117 57
5215 354
5986 51
5392 5
535 222
9489 284
8739 142
2529 259
3349 40
1210 315
9880 340
3025 352
813 155
4799 41
4417 30
7633 326
5279 73
2123 210
7746 46
8607 108
3188 112
7488 168
5746 317
5351 129
6752 82
2857 57
4806 10
8157 180
2901 302
5091 297
5368 234
5332 289
9661 171
8078 315
3389 353
4872 223
5839 219
9005 334
4130 345
2446 117
8558 131
6046 73
2851 300
5143 79
9487 255
2528 98
5142 240
5092 337
1961 114
647 314
393 299
267 296
3723 96
9637 267
7731 331
6134 85
7760 210
2053 194
4341 252
6809 262
2351 31
5442 55
3563 237
9134 80
7779 219
3842 189
6146 8
3837 329
3255 136
6354 127
6352 55
43 329
2382 175
6090 338
4604 359
6496 9
4780 120
5126 183
7840 172
5613 250
423 227
9059 254
5735 82
4457 61
509 56
7756 328
7722 221
7639 19
1322 191
2674 142
6038 67
389 274
6328 27
9092 45
7495 330
2996 146
5538 208
8753 187
4564 59
2173 162
5730 48
2901 130
3706 124
9313 136
2190 317
496 277
